-8.539791E-6
-3.839304E-6
3.1539E-6
-7.71498E-6
2.6496127E-6
-7.4156554E-7
8.365323E-6
8.070438E-6
-3.6369784E-6
-8.9852614E-7
-2.5530605E-6
-5.7365833E-6
3.9025508E-7
3.1927993E-6
-5.4852626E-6
1.9051548E-6
-5.7374195E-6
-1.8556966E-6
2.6229645E-6
-2.7364877E-6
-2.6023915E-6
-1.0310978E-5
-6.341615E-6
1.1506327E-5
-6.675491E-6
-9.563546E-6
2.1003416E-6
-1.4279403E-5
9.08467E-6
-8.45539E-6
2.7586066E-6
-1.0653712E-5
5.0511153E-6
-2.783008E-6
1.0286294E-6
6.9729595E-7
1.6055601E-5
3.6325184E-6
1.6464583E-6
1.6197737E-6
1.2468995E-5
-1.0362627E-5
-3.934415E-6
-3.934415E-6
-2.152483E-6
2.55578E-6
1.6896229E-6
1.6896229E-6
8.518109E-6
8.518109E-6
-7.209655E-6
-9.279755E-6
1.7763996E-5
8.275019E-6
1.0847507E-5
1.0847507E-5
-2.5485133E-6
-2.5485133E-6
-2.5485133E-6
1.2747478E-5
1.2747478E-5
6.946975E-6
-1.980168E-5
-1.980168E-5
-1.980168E-5
-2.188084E-5
-2.188084E-5
1.6703998E-5
-1.9200234E-5
-1.9200234E-5
-8.328498E-6
-2.6350024E-5
-2.6350024E-5
-7.612689E-6
6.7622744E-7
6.7622744E-7
6.7622744E-7
-1.485685E-5
-1.485685E-5
3.4430195E-6
-4.686699E-6
-4.686699E-6
1.7327329E-6
1.6700287E-5
1.6700287E-5
-2.3288158E-6
-1.5133082E-5
-1.5133082E-5
-5.4733387E-6
1.2047967E-5
1.2047967E-5
1.2047967E-5
8.207425E-6
8.207425E-6
8.207425E-6
-4.3261607E-5
-4.3261607E-5
-1.1845841E-5
-2.8284558E-6
1.39739495E-5
1.39739495E-5
1.5957776E-5
-5.4256816E-6
2.6086855E-6
1.2653072E-5
1.2653072E-5
-7.5088606E-6
*-1.5091863E-5
*-1.5091863E-5
-1.5091863E-5
-1.8032733E-5
-1.8032733E-5
-1.712353E-5
-1.0069925E-5
-1.0069925E-5
-7.445924E-6
-2.8905922E-6
1.6469276E-5
3.5695848E-6
-1.305074E-5
-1.305074E-5
1.7287675E-7
-1.0755612E-5
-1.0755612E-5
7.732887E-6
2.1042068E-7
2.1042068E-7
1.352746E-6
2.1805461E-5
3.7514835E-6
1.530221E-5
1.5913973E-5
1.5913973E-5
3.852474E-6
-3.1111995E-7
-3.1111995E-7
-2.812012E-6
1.0302301E-7
*1.0302301E-7
1.4992474E-6
3.126388E-6
-1.5470868E-6
3.5169069E-6
-2.059387E-6
-7.2257535E-6
-7.2257535E-6
-7.885683E-7
-7.885683E-7
-4.7734648E-6
9.60008E-6
9.60008E-6
-1.6905686E-7
-5.627444E-6
-5.627444E-6
-4.5283377E-5
-6.671907E-6
-6.671907E-6
-2.831075E-5
-8.078787E-6
-8.078787E-6
-2.0514126E-5
1.1303928E-5
-1.7987477E-5
3.3408287E-6
-3.3600372E-5
-3.3600372E-5
3.3935066E-6
2.0458827E-5
2.0458827E-5
2.0458827E-5
-7.712515E-6
-7.712515E-6
1.5228579E-7
-2.3884168E-5
-2.3884168E-5
-1.0297153E-5
-1.3969839E-5
-1.3969839E-5
-1.3969839E-5
9.768191E-6
9.768191E-6
9.768191E-6
1.4212856E-6
1.4212856E-6
-8.523639E-6
1.9019935E-5
1.9019935E-5
6.4816413E-6
1.6173506E-5
1.6173506E-5
2.7765054E-6
2.4730107E-5
2.4730107E-5
-1.38615715E-5
4.719477E-6
4.719477E-6
-1.2423333E-5
-2.0146397E-6
-2.0146397E-6
-2.0146397E-6
-4.5488196E-6
-4.5488196E-6
1.7091334E-5
-1.3795942E-5
-1.3795942E-5
-1.2139608E-5
2.0720181E-5
-3.2739624E-6
-8.056668E-7
2.3748724E-7
2.3748724E-7
-9.197829E-6
1.5259575E-5
1.1797711E-5
1.1797711E-5
1.299195E-5
1.299195E-5
1.1961056E-5
-5.6350336E-6
-5.6350336E-6
1.0703434E-6
-3.897667E-6
-3.897667E-6
-1.0835356E-6
2.436818E-6
2.436818E-6
5.2876567E-6
-1.8521495E-6
-1.6616468E-7
3.8581675E-6
-6.526807E-6
-6.526807E-6
6.34529E-6
-1.7879029E-6
-1.7879029E-6
-1.7879029E-6
1.6251579E-5
1.6251579E-5
7.1886456E-7
-5.1417737E-6
-5.1417737E-6
-2.8693464E-6
-5.6490535E-7
-5.6490535E-7
-5.1395546E-7
-6.171103E-6
-6.171103E-6
1.1969404E-6
5.6537283E-6
5.6537283E-6
6.1281753E-7
1.1394695E-6
1.1394695E-6
-6.9083944E-6
2.457418E-6
2.457418E-6
9.51295E-7
-2.1518643E-8
-2.1518643E-8
2.7371786E-6
-9.604845E-6
-9.604845E-6
7.6112337E-6
-4.1275052E-6
-4.1275052E-6
-4.1275052E-6
2.3023857E-7
2.3023857E-7
2.1216691E-7
-9.452597E-6
-9.452597E-6
-2.014067E-6
2.1611504E-6
2.1611504E-6
2.1611504E-6
-1.1366137E-6
-1.1366137E-6
-2.0112702E-6
3.857494E-6
3.857494E-6
1.7804268E-7
-2.757879E-6
-2.757879E-6
-1.7603088E-6
1.3496028E-5
1.3496028E-5
9.053619E-6
2.8236536E-6
2.8236536E-6
6.8394725E-6
-6.581176E-6
-6.581176E-6
-6.095142E-6
1.9102154E-5
3.3927788E-6
-4.115041E-5
1.0724179E-5
1.0724179E-5
8.805655E-6
1.7629936E-5
1.7629936E-5
-1.0249204E-5
-6.0625093E-6
-6.0625093E-6
-1.6178892E-5
4.486501E-6
4.486501E-6
-1.3162207E-6
-1.0259572E-5
-1.0259572E-5
-1.1698285E-6
1.9953877E-5
1.9953877E-5
-7.3382757E-6
4.178146E-6
4.178146E-6
-1.3902535E-5
6.48266E-6
6.48266E-6
-4.1949534E-6
3.64671E-7
3.64671E-7
3.64671E-7
-1.9975414E-6
-1.9975414E-6
2.3936882E-5
-1.4649412E-6
-1.4649412E-6
7.4366103E-6
2.063789E-6
2.063789E-6
-1.1329866E-5
5.049151E-6
5.049151E-6
-9.528558E-6
-1.4216494E-5
-1.4216494E-5
1.2419077E-5
5.059846E-6
5.059846E-6
-1.3036333E-6
2.009976E-5
2.009976E-5
2.009976E-5
3.588575E-6
3.588575E-6
1.3656354E-5
3.664532E-5
3.664532E-5
-8.146817E-6
-5.400216E-7
-5.400216E-7
-1.9477593E-5
2.1171725E-5
2.1171725E-5
3.5930132E-6
8.900314E-6
8.900314E-6
-1.8999051E-5
6.044902E-6
-3.0491717E-6
2.6465057E-5
-2.253655E-6
-2.253655E-6
-1.9037105E-5
3.696492E-5
3.696492E-5
-2.2848108E-5
-2.043278E-5
-2.043278E-5
7.732051E-6
5.4133125E-7
5.4133125E-7
7.912713E-6
-1.3665666E-5
-1.3665666E-5
-7.1588147E-7
-4.747489E-6
-4.747489E-6
-1.2897108E-5
-1.0195503E-5
-1.0195503E-5
-1.1373859E-5
3.5053017E-6
3.5053017E-6
5.708905E-6
7.269336E-6
7.269336E-6
-1.32236155E-5
-1.16926085E-5
-1.16926085E-5
2.1970482E-6
-4.981448E-6
-4.981448E-6
2.0851076E-6
-5.1759707E-6
-5.1759707E-6
-2.1797603E-5
7.808521E-6
7.808521E-6
1.1182856E-5
5.0244125E-7
-4.3558975E-6
-6.5165295E-6
-1.3515455E-6
-1.3515455E-6
1.3799144E-5
-3.5262929E-7
-3.5262929E-7
-3.5262929E-7
-3.1875968E-6
-3.1875968E-6
-3.1875968E-6
-1.8884019E-6
-1.8884019E-6
-1.0346412E-6
1.1175871E-7
1.1175871E-7
-3.9767474E-6
-3.441819E-6
-3.441819E-6
5.764304E-6
5.288493E-6
5.288493E-6
-6.681512E-7
8.165516E-6
8.165516E-6
1.4932192E-5
-2.177512E-6
-2.177512E-6
-2.177512E-6
8.932292E-6
8.932292E-6
-5.1105235E-6
4.5107117E-6
4.5107117E-6
1.168597E-5
1.3007829E-5
1.3007829E-5
1.1286156E-5
3.5595258E-6
3.5595258E-6
6.592963E-6
-1.6195972E-5
-1.6195972E-5
1.4701072E-6
1.4161232E-5
1.4161232E-5
5.128313E-6
-7.876188E-6
-1.4964462E-5
-1.0620533E-6
-2.9742657E-6
-2.9742657E-6
-2.787201E-6
7.5137086E-6
7.5137086E-6
2.8775046E-6
5.6504177E-6
-2.2554923E-6
2.8487284E-6
2.7238411E-6
2.7238411E-6
2.7449369E-6
-9.272844E-6
-9.272844E-6
-7.250164E-6
5.288493E-6
5.288493E-6
3.317E-6
-1.9944637E-5
3.7479695E-5
2.1504091E-7
1.2882192E-5
1.2882192E-5
1.843735E-5
6.8139343E-7
6.8139343E-7
-2.0855477E-5
2.4344045E-5
2.4344045E-5
-3.305642E-5
4.985777E-6
4.985777E-6
-5.1658935E-6
3.5510309E-6
3.5510309E-6
1.708784E-5
5.6768476E-6
5.6768476E-6
2.755103E-5
4.0582745E-6
-6.067421E-7
1.110875E-5
-3.4209406E-5
-9.4114506E-7
1.951339E-5
-1.3549906E-5
9.229807E-6
-9.664654E-7
-1.363409E-5
-1.363409E-5
2.8850627E-6
1.635286E-5
1.635286E-5
1.0400327E-5
8.561983E-7
8.561983E-7
-1.6823215E-5
-2.0098812E-5
-3.0824922E-5
1.1764131E-6
-2.9670044E-5
-2.9670044E-5
-2.334127E-7
1.8071295E-6
1.8071295E-6
-1.0680815E-5
-1.624612E-5
-1.624612E-5
-1.4955002E-5
-1.548513E-5
-1.548513E-5
-2.1135782E-5
3.6213314E-5
3.6213314E-5
9.951182E-6
-7.9241E-6
-7.9241E-6
2.4857582E-5
-2.6021733E-5
-2.6021733E-5
-1.2291856E-5
-7.1561954E-6
-7.1561954E-6
2.4358449E-6
-2.1488375E-5
-2.1488375E-5
2.9069559E-5
1.0124568E-5
1.0124568E-5
2.637025E-6
1.892935E-5
1.892935E-5
-2.2188979E-5
-1.8304927E-5
-1.8304927E-5
-3.614179E-5
3.198893E-6
3.198893E-6
6.2169056E-6
-5.573711E-6
-5.573711E-6
2.09087E-5
9.623E-6
9.623E-6
1.7587245E-5
3.150253E-6
3.150253E-6
-6.350237E-6
-1.6072081E-5
-1.6072081E-5
-1.706132E-5
2.2535094E-6
2.2535094E-6
4.8943907E-6
-2.234592E-6
-2.234592E-6
-2.6941416E-6
1.1935481E-6
1.1935481E-6
-1.0379299E-5
1.2662749E-5
1.2662749E-5
7.938324E-6
-4.0046507E-6
-4.0046507E-6
8.684583E-6
-4.906651E-6
-4.906651E-6
-8.481875E-6
-8.858841E-6
-8.858841E-6
3.6786603E-6
-8.577181E-6
-8.577181E-6
8.034985E-6
-2.8968313E-6
-2.8968313E-6
-3.8534836E-6
-6.8512777E-6
-6.8512777E-6
-8.724709E-6
-5.871734E-6
-5.871734E-6
1.232409E-5
3.7825794E-6
3.7825794E-6
3.713949E-6
1.3291409E-5
1.3291409E-5
8.6978525E-6
7.920535E-6
7.920535E-6
-1.2874407E-5
-2.6124687E-6
-2.6124687E-6
-9.791984E-7
2.150482E-6
2.150482E-6
5.397014E-6
-2.7083295E-5
-2.7083295E-5
-4.024132E-6
-5.2144787E-6
-5.2144787E-6
1.127084E-5
5.3994876E-7
5.3994876E-7
-2.7602073E-6
4.1615567E-6
4.1615567E-6
3.6894924E-6
-1.4784455E-5
-5.2902033E-6
-7.4104714E-6
-1.1197807E-5
-1.1197807E-5
-1.1988759E-5
6.0626917E-7
6.0626917E-7
-3.848636E-6
2.6790076E-6
1.1503579E-5
3.99501E-6
7.561793E-6
7.561793E-6
-7.552862E-6
-1.8984883E-6
-1.8984883E-6
1.0423254E-5
5.585152E-6
5.585152E-6
2.027824E-5
-2.842744E-5
-1.567856E-5
5.9715967E-6
-6.539339E-6
-6.539339E-6
-1.7353013E-5
8.6765795E-8
8.6765795E-8
-3.713714E-5
1.0701187E-5
-2.41409E-6
-8.39922E-6
-1.104796E-5
-1.104796E-5
-8.394562E-6
7.79255E-7
7.79255E-7
-1.5763362E-6
-3.8796497E-5
-3.8796497E-5
-5.1212555E-6
-1.2290548E-6
-1.2290548E-6
9.833857E-6
-2.044908E-6
-2.3657849E-5
7.0660462E-6
2.4645524E-5
-3.220186E-5
2.0311563E-6
9.058712E-6
9.058712E-6
3.3258038E-6
-3.6459096E-6
-3.6459096E-6
9.814538E-7
2.63987E-5
2.63987E-5
-3.268564E-5
-1.4850702E-5
-1.4850702E-5
1.791217E-5
-6.908049E-6
-6.908049E-6
6.0079033E-6
-1.9188044E-5
-1.9188044E-5
3.2408025E-5
-5.296657E-5
-5.296657E-5
-1.0986514E-5
-9.8259625E-6
-9.8259625E-6
-5.5159035E-7
-2.7647184E-5
-2.7647184E-5
-8.805364E-6
1.481756E-5
1.481756E-5
-1.2963501E-5
6.207374E-6
6.207374E-6
-1.3495483E-5
1.2165547E-5
1.2165547E-5
-1.6476297E-5
-2.6131966E-6
-2.6131966E-6
8.780334E-6
3.3213291E-6
3.3213291E-6
5.4803963E-6
-2.080822E-5
-2.080822E-5
2.3778266E-5
-1.2691216E-5
-1.2691216E-5
-4.0829946E-6
-1.4668393E-5
-1.4668393E-5
4.9659957E-6
-7.5760727E-6
-7.5760727E-6
9.44783E-8
6.0375896E-7
-4.019093E-6
5.086258E-6
-1.1295197E-6
2.6908879E-6
-1.5562455E-6
-3.5089215E-7
-2.302359E-6
4.3899945E-7
-5.3121903E-6
-5.3121903E-6
3.4156346E-6
-2.1066626E-6
-2.1066626E-6
1.1079737E-5
4.9543314E-6
-5.001957E-6
1.1531247E-5
-9.761925E-6
-9.761925E-6
-9.761925E-6
-5.176698E-6
-5.176698E-6
-5.176698E-6
-5.0460944E-6
2.3836765E-6
7.601193E-6
4.6149216E-6
1.8115679E-6
5.1714323E-6
9.949417E-6
9.949417E-6
8.627466E-8
-1.8512945E-6
-1.8512945E-6
1.7437923E-6
1.0550939E-5
1.0550939E-5
-3.7616699E-6
6.4680353E-6
6.4680353E-6
4.2700412E-6
-3.8980943E-6
-3.8980943E-6
2.5907138E-6
1.1652445E-5
-5.238562E-6
-8.039133E-6
5.990878E-6
6.3042894E-6
2.7345668E-5
4.0239684E-6
-3.745772E-6
9.218638E-8
1.31190245E-5
1.31190245E-5
-1.119588E-7
-3.5924495E-6
-2.345114E-6
-8.305814E-6
-7.1484465E-7
-7.1484465E-7
-3.0757838E-6
-1.0882758E-5
-1.0882758E-5
-8.250572E-7
-2.9649527E-7
-2.9649527E-7
-7.673589E-6
1.7247839E-6
5.9363083E-6
5.9363083E-6
4.1315798E-6
4.1315798E-6
4.74276E-6
5.629517E-6
5.629517E-6
4.7394133E-6
4.0007217E-6
4.0007217E-6
-2.3517714E-6
-5.975016E-6
-5.975016E-6
-1.1832889E-6
3.0235242E-6
3.0235242E-6
5.7113357E-6
2.5270856E-6
2.5270856E-6
5.822658E-6
5.4005063E-6
5.4005063E-6
2.234592E-6
3.8433427E-6
1.9798972E-6
-1.7901765E-6
1.5340629E-6
1.5340629E-6
-2.7883652E-6
-7.024937E-6
-7.024937E-6
-6.3252446E-6
-2.8717113E-6
-2.8717113E-6
-5.521533E-6
3.632158E-7
3.632158E-7
3.9784933E-7
-1.2363125E-6
-1.2363125E-6
-5.2996616E-6
-2.6004162E-5
-2.6004162E-5
-1.4986035E-5
1.7086131E-5
1.7086131E-5
-8.39158E-6
-1.1928023E-6
-1.1928023E-6
-2.8231443E-6
1.7337152E-6
1.7337152E-6
-3.7229802E-6
5.7665598E-6
5.7665598E-6
6.0953967E-6
1.6778358E-7
1.6778358E-7
2.54804E-7
3.2148455E-6
3.2148455E-6
-1.870354E-5
-2.9971852E-6
8.079077E-6
-4.0534724E-6
-3.4202455E-6
-3.4202455E-6
1.5733402E-5
3.7185055E-6
3.7185055E-6
1.6407846E-5
-3.3929973E-6
-3.3929973E-6
-8.4562635E-6
-5.3611802E-6
-5.3611802E-6
8.860151E-6
-9.539217E-6
3.3521792E-6
-1.9338477E-5
2.4937617E-6
-5.387992E-6
8.576899E-6
6.639457E-6
6.639457E-6
-7.284689E-7
-8.683564E-6
-5.754336E-6
-1.5489059E-6
7.5054504E-6
7.5054504E-6
-1.3826175E-5
5.6434146E-8
5.6434146E-8
-1.2212695E-6
1.1932389E-5
1.1932389E-5
1.2249674E-5
-8.342895E-6
2.5487502E-6
-2.5548843E-6
3.5858466E-6
2.1999767E-6
-2.7972053E-6
-1.2209421E-6
-1.2209421E-6
-1.2209421E-6
2.1363885E-5
2.1363885E-5
2.1363885E-5
-7.498029E-6
-7.498029E-6
-7.498029E-6
1.3939225E-5
1.3939225E-5
1.3939225E-5
2.3635173E-6
-1.9897152E-6
-1.9897152E-6
1.3891112E-5
1.3891112E-5
1.3891112E-5
-9.750729E-6
-9.750729E-6
-9.750729E-6
-1.3365297E-6
-1.3365297E-6
-1.3365297E-6
-4.5337856E-6
-4.5337856E-6
-4.5337856E-6
-1.0837574E-5
-1.0837574E-5
-1.0837574E-5
-9.970153E-6
-9.970153E-6
-1.4377819E-5
-8.768293E-6
-8.768293E-6
-8.768293E-6
-7.6244028E-6
-7.6244028E-6
-7.6244028E-6
-7.035942E-7
-7.035942E-7
-7.035942E-7
-4.682497E-6
-4.682497E-6
-4.682497E-6
-2.235065E-6
-2.235065E-6
-2.235065E-6
5.0507333E-6
5.0507333E-6
5.0507333E-6
7.665494E-7
1.1000656E-5
1.1000656E-5
2.1961387E-6
2.7960232E-6
2.7960232E-6
3.7849532E-7
3.7849532E-7
3.7849532E-7
-7.794006E-7
-7.794006E-7
-7.794006E-7
-1.6391641E-6
-1.6391641E-6
-1.6391641E-6
1.1618977E-5
1.1618977E-5
1.1618977E-5
3.033019E-6
3.033019E-6
3.033019E-6
4.0498708E-6
4.0498708E-6
-3.937821E-6
1.0466647E-6
-4.377589E-6
-4.377589E-6
-6.700757E-6
-6.700757E-6
-6.700757E-6
-3.0927547E-6
-3.0927547E-6
-3.0927547E-6
3.0310093E-6
3.0310093E-6
3.0310093E-6
2.5721673E-5
2.5721673E-5
2.5721673E-5
6.748596E-6
6.748596E-6
6.748596E-6
-1.136952E-5
-1.136952E-5
-8.442166E-6
-8.511088E-6
-1.3555946E-5
-1.3555946E-5
1.7688126E-6
1.7688126E-6
1.7688126E-6
-4.674439E-6
-4.674439E-6
-4.674439E-6
-5.1002826E-6
-5.1002826E-6
-5.1002826E-6
-2.1508365E-6
-2.1508365E-6
-2.1508365E-6
-4.2195825E-6
-4.2195825E-6
1.7120874E-5
1.2591408E-6
1.2591408E-6
1.2591408E-6
1.1614311E-5
1.1614311E-5
1.1614311E-5
6.4943924E-6
6.4943924E-6
6.4943924E-6
3.2735988E-6
3.2735988E-6
3.2735988E-6
1.053646E-5
1.053646E-5
-1.9592026E-5
3.954119E-7
3.954119E-7
3.954119E-7
6.3065268E-6
-8.134975E-6
-8.134975E-6
-1.6842603E-5
-1.0217591E-5
-1.0217591E-5
-5.89338E-6
7.1465365E-6
7.1465365E-6
4.3467294E-6
4.3467294E-6
4.3467294E-6
5.595857E-6
-2.0989498E-6
-2.0989498E-6
9.002779E-6
9.002779E-6
9.002779E-6
2.8714112E-6
2.8714112E-6
2.8714112E-6
-3.953291E-6
-3.953291E-6
-1.1153315E-6
-1.5225659E-5
4.743706E-6
4.743706E-6
8.936659E-6
3.4291677E-6
3.4291677E-6
5.667971E-7
-6.422469E-6
-6.422469E-6
7.2678085E-6
7.2678085E-6
7.2678085E-6
1.0002404E-5
9.075902E-6
-2.9688451E-6
3.1231502E-6
3.1231502E-6
5.342663E-6
1.8680021E-6
1.8680021E-6
7.880652E-6
1.8467288E-7
-3.9870065E-6
-3.9870065E-6
4.143212E-6
-1.0877557E-6
-1.0877557E-6
-4.3219916E-6
-4.3219916E-6
7.3370024E-6
2.3098437E-6
2.3098437E-6
-1.907334E-5
4.4870103E-6
4.4870103E-6
-1.1338707E-5
-9.310152E-6
-9.310152E-6
1.09382745E-5
7.2332837E-6
7.2332837E-6
-4.0759915E-7
-5.044967E-6
-8.125335E-6
-8.125335E-6
3.7384777E-6
-1.179651E-6
-1.179651E-6
-1.2333984E-5
-1.2333984E-5
-1.2333984E-5
-1.930748E-6
-1.930748E-6
4.584653E-6
-7.183698E-6
-7.183698E-6
-5.569891E-6
-1.1416996E-5
-1.1416996E-5
-1.1452212E-5
-9.481082E-6
3.6829806E-6
3.6829806E-6
7.325689E-6
-5.3303297E-6
-5.3303297E-6
-2.575871E-7
-2.575871E-7
8.881825E-6
-3.891964E-6
-3.891964E-6
-3.891964E-6
-6.9362427E-6
-6.9362427E-6
-8.080206E-6
3.0984666E-6
3.0984666E-6
1.1329757E-5
-4.3122413E-6
-4.3122413E-6
-6.1956957E-6
1.0813128E-5
1.0813128E-5
8.686474E-6
3.6414167E-6
-2.8477734E-6
-2.8477734E-6
1.0323001E-5
1.0323001E-5
1.0323001E-5
-3.5416542E-6
-3.5416542E-6
-3.5416542E-6
1.01267315E-5
1.01267315E-5
2.721572E-6
-1.4934267E-6
-1.4934267E-6
1.373337E-6
-1.1468527E-5
-1.1468527E-5
9.709711E-6
1.5779422E-5
1.5779422E-5
-1.3151184E-5
-9.262485E-6
-7.3745828E-6
-7.3745828E-6
-7.4785203E-6
-7.7311415E-6
-7.7311415E-6
6.0512684E-6
6.0512684E-6
4.6798957E-7
4.0610757E-6
4.0610757E-6
-8.428124E-6
-1.0714301E-5
-1.0714301E-5
1.3551926E-6
-5.4550765E-6
-5.4550765E-6
7.720573E-6
-1.6247668E-5
-1.6247668E-5
6.8405825E-6
