124.13645
124.13645
124.2673
124.656654
124.144615
121.11055
108.57002
108.67923
117.44913
113.889824
107.68739
119.865005
110.440575
118.45123
109.67517
112.244484
120.540665
93.605446
94.18858
100.97292
99.09308
115.52109
142.86664
142.17982
190.01338
206.00139
206.49483
201.12077
200.40367
200.97444
197.84749
197.5944
206.24982
200.07364
196.01974
196.59738
184.77597
185.2801
198.82372
200.16034
200.66994
202.89915
203.22809
197.47984
186.0422
185.99677
192.83383
196.18193
194.85094
200.54572
201.43427
200.7866
200.25168
199.41354
199.03648
197.09122
197.64201
192.50002
192.02722
191.22171
203.25359
196.9993
198.03539
187.00433
197.1422
197.42624
202.13399
190.91226
170.50815
120.57302
132.11311
115.34224
128.53513
126.11863
123.01948
122.02437
152.06108
157.14551
150.89554
172.56177
163.30896
164.45952
177.73572
162.945
166.12361
147.95996
139.51175
141.27235
133.49855
132.95532
140.44643
128.78424
127.68166
134.69724
234.42271
234.01503
220.71768
220.47632
197.6161
189.96046
189.09224
194.72453
192.9321
194.1997
192.30487
199.47134
199.50554
165.79889
166.28809
179.5314
168.16698
169.74574
195.19957
198.5428
198.62787
194.2411
199.58534
199.70595
192.76273
211.90202
211.52513
221.59659
221.95865
216.11688
215.28015
214.76784
219.583
215.39316
215.62045
209.05344
207.94922
208.83173
203.36404
204.4276
202.79669
204.22975
204.70734
207.07805
208.82552
208.5649
201.45691
206.22792
205.59142
210.24506
206.58289
200.627
191.53575
192.58067
183.5978
194.73735
199.90999
176.08092
162.5181
162.94432
156.41664
153.02539
146.68922
154.27489
153.6805
129.99562
130.54381
131.0854
135.49825
137.08989
137.1161
138.96939
137.1205
137.05856
144.40149
140.51334
141.1175
141.25026
141.23148
134.40817
151.36198
150.95898
143.8662
165.21326
166.0838
245.15265
223.51823
226.35866
172.34535
157.53085
124.984985
135.78668
142.35648
134.70824
136.86111
138.74242
141.25067
129.02693
133.27988
104.97717
104.95408
104.15334
101.571106
101.75573
110.54781
113.612305
113.32887
113.50428
134.46773
132.43164
225.80507
219.90071
271.29272
299.65375
243.78627
319.28662
453.9116
422.72113
464.4411
469.93103
515.3932
570.8843
518.90015
189.3127
227.91945
256.19434
210.02725
175.59093
172.67064
128.41487
96.29219
78.565735
60.933468
102.03664
75.319824
86.079094
66.82858
69.66925
74.28376
66.86144
71.324265
56.14455
61.76551
72.79684
70.53526
67.21397
73.58946
63.285786
77.16938
129.29916
127.24964
205.72429
216.94865
188.41612
197.09866
205.97276
194.40044
236.9965
222.38004
238.98302
267.5342
242.1589
231.27132
227.591
205.38657
201.3474
234.39986
262.91977
215.45142
276.8029
263.97818
264.1399
273.98444
266.32812
201.49934
205.54529
166.29955
106.21609
109.29476
60.24305
60.729576
52.871666
47.729713
48.09047
54.052776
51.51183
60.967854
55.941746
65.08495
59.98967
48.72496
51.47212
64.42846
55.179634
50.396603
70.90651
62.212517
53.184597
71.87942
52.208874
51.41676
67.3323
106.58502
72.0856
73.46158
110.864876
111.83808
101.95827
95.53824
142.99055
176.24788
194.57025
285.7039
321.0888
301.40808
310.8969
299.17245
322.85062
325.55063
348.97812
375.46988
362.3313
371.7612
371.18546
316.95798
324.1289
304.4826
336.63565
281.28833
242.56197
254.43602
229.38527
195.13158
193.19318
171.20784
151.87918
152.1619
143.93001
124.47068
117.63569
103.964966
104.74244
103.46281
103.39807
103.98696
105.45473
103.26748
102.45672
101.36504
100.27718
101.29384
100.37972
98.61383
98.2138
101.35948
102.183235
116.43722
103.091736
99.47056
102.091095
133.64767
139.52907
231.35664
222.45284
268.687
317.72977
279.99664
316.85703
330.345
328.28494
327.5901
337.2565
347.66028
317.64545
334.24374
336.43796
349.14297
347.7228
335.64917
330.76675
321.18854
340.38736
311.18497
343.79892
305.47208
347.10757
310.64508
257.97168
272.79553
214.8491
197.91861
191.02377
189.95258
196.74783
196.41722
171.54266
187.75365
187.51262
201.11758
203.75479
195.07573
201.13261
199.95992
200.61383
201.4816
193.74574
196.70732
196.52545
181.4752
177.78096
180.88448
184.55768
182.52206
200.99155
221.27902
221.43686
231.79965
229.3792
196.83223
181.50056
140.82263
445.29034
418.34875
469.35242
476.12122
56.05847
78.460236
69.05139
52.010212
30.138536
66.56125
84.366394
58.90459
105.84745
91.21337
117.27961
120.94631
95.7106
111.488
49.806103
86.52638
119.327705
118.67053
141.8259
128.16963
184.15186
164.72931
143.01802
138.3795
175.72752
163.25412
163.28119
159.37318
160.53278
160.6902
163.47163
163.72153
174.51628
167.47397
167.32294
160.08292
158.37862
158.3792
162.69025
157.31728
157.1643
162.40941
158.58621
159.02606
156.41057
156.09631
156.96283
158.827
158.97205
156.99611
160.75294
160.54184
162.57468
155.09773
155.09773
149.32895
150.95685
150.5714
151.44867
151.40108
160.56178
156.05626
156.23448
165.34555
165.27354
165.04474
168.16222
164.1556
164.06735
162.45528
164.58688
164.09332
151.83624
158.73268
158.69785
152.03273
152.19507
162.3155
166.492
166.3113
167.158
166.03609
166.32797
163.32135
168.05388
168.10088
166.2608
166.16801
163.23613
165.14502
165.27847
156.1458
158.26907
157.99216
165.13992
155.82004
155.71179
157.11761
157.19484
156.55101
159.61597
164.88278
164.72018
146.93999
146.94736
152.57007
160.34122
160.4561
152.34875
159.70143
159.56227
152.72661
157.07867
157.15154
155.87575
157.80817
157.863
156.6252
156.98434
159.41263
159.04369
158.77956
156.26369
162.10777
161.54813
155.23659
159.79759
159.71704
153.7201
153.51817
164.1029
160.43018
160.3786
156.74152
166.60126
166.74638
163.33823
161.01004
160.89671
160.35236
160.33434
159.97118
151.89703
151.64558
167.36514
164.99364
165.16635
156.88725
160.70966
160.73134
166.50278
166.35318
166.13362
160.75443
160.68512
152.02727
162.42671
162.75972
163.56192
161.87903
161.80774
158.09785
166.11288
165.93684
163.977
168.81206
168.7514
166.2109
166.35214
167.31499
156.30078
165.56032
165.72443
154.38913
154.60811
158.30309
156.91486
157.16411
150.89851
164.49896
164.3912
163.17827
157.1616
157.05713
157.02103
156.35814
155.89342
156.93675
157.21234
156.24437
158.12451
157.7776
172.4649
158.90039
159.40205
166.1888
165.81737
165.60614
159.42114
157.23802
157.2371
159.49295
159.60437
169.54521
167.18924
167.14229
167.92636
160.5917
160.60088
159.722
164.28758
164.39532
164.34622
164.47668
161.72656
163.25342
163.23064
166.70921
162.01128
161.98326
165.24661
168.42268
168.14102
168.63344
166.38062
166.16223
167.33916
167.4011
169.29257
167.43854
167.41978
167.50946
163.40617
162.95422
148.89877
167.31364
167.30496
167.08615
166.29999
166.40004
161.03072
160.77531
169.80247
158.84224
158.77513
166.33803
171.95833
171.93492
156.98383
159.97917
159.83456
164.26567
164.44048
166.27962
159.37259
159.92169
156.71686
159.85649
160.40988
164.142
156.07176
156.1835
167.30122
165.6059
165.35347
159.92804
160.30232
155.88376
164.3815
164.13118
161.29779
158.16309
162.19798
165.26605
164.14406
170.66112
156.20987
176.02106
177.29854
236.30107
193.48296
232.79889
198.97653
161.40141
190.66302
200.74515
159.49466
186.15157
226.81815
171.28687
163.18434
163.43857
162.98207
165.86954
166.0799
162.2265
173.98456
174.02144
162.23363
170.79286
170.86748
164.0181
161.92343
161.7147
168.73184
168.5704
159.62257
165.45213
165.27513
169.34589
159.85579
159.7497
158.67863
163.99316
163.73276
163.00024
163.08727
163.81789
167.60204
167.2813
158.24326
160.75426
160.52644
156.73343
150.6782
150.66405
155.5562
155.65802
164.07832
164.08864
164.0259
168.11978
164.27066
164.2869
162.84279
160.79414
160.43877
160.39726
155.83282
155.96584
157.81165
155.68202
155.4446
166.33301
166.34653
157.56253
164.15729
164.19894
156.73286
160.26494
160.30313
153.94658
154.42233
154.43271
161.54544
164.29103
164.15439
156.6871
156.69272
160.98244
164.9737
165.01036
156.65813
163.92169
163.72984
164.76955
163.79033
164.00647
167.01056
167.0059
160.5398
166.05893
166.07014
163.47298
159.11987
159.30179
152.30109
157.01437
