-2.6380164E-6
-2.6380164E-6
-1.0651655E-5
-2.2824122E-6
2.6846692E-7
6.497322E-6
4.264466E-6
-7.95765E-6
-2.7100623E-6
1.2832436E-6
-1.6181309E-6
-4.132346E-6
5.3341955E-6
2.3865275E-6
4.457182E-6
9.6861295E-6
5.8396727E-6
-2.6791645E-6
2.911761E-6
2.904062E-7
-3.2152568E-7
1.6908484E-6
-4.4672433E-6
-3.7991526E-7
-8.422102E-7
-6.6903895E-6
5.310403E-7
4.700358E-6
1.1494329E-6
4.4874323E-6
3.7023153E-6
-2.673878E-6
-4.982792E-7
3.9933298E-7
3.8154813E-6
6.058695E-7
-5.3899385E-6
9.4245024E-7
-2.940875E-6
-8.090935E-6
6.0769867E-6
-5.8891374E-7
-7.773085E-6
-9.392363E-6
-4.8247507E-6
9.772689E-6
6.977858E-6
1.8037025E-6
-1.6498489E-6
-2.2901086E-6
5.409097E-6
-9.994584E-6
-2.0496816E-6
-6.151466E-6
-8.305088E-6
9.299363E-6
-1.9446127E-6
9.255778E-6
6.4196533E-6
-1.1624423E-7
2.0588225E-6
-6.803914E-6
-8.3218987E-7
-1.4337108E-6
5.4450793E-6
6.0531825E-6
-1.195052E-6
1.2964875E-6
-7.118964E-6
1.3768152E-6
-8.385427E-8
1.2324847E-5
-8.822467E-6
7.2868143E-6
2.4746612E-6
-2.2927986E-6
8.060093E-6
-5.2088035E-6
1.1182328E-6
-3.516111E-6
1.2574697E-5
-1.013426E-6
4.1409453E-6
-1.1456799E-5
3.139757E-6
-6.482892E-6
4.4065787E-6
4.151633E-6
-2.6107666E-6
-6.6291464E-6
9.208122E-7
-3.8940457E-6
5.586475E-6
-1.1215363E-5
-1.4997528E-5
1.6678432E-5
1.8942046E-6
1.3760314E-7
-7.410499E-6
-9.4777755E-7
4.4294825E-6
4.8464085E-6
4.7800063E-6
-4.3150712E-6
-1.4347336E-5
1.8284192E-6
-7.190846E-7
2.1100504E-6
-5.5725272E-6
6.9645143E-6
4.723006E-6
-2.1465928E-6
-1.0779135E-5
-6.178808E-6
-8.741896E-6
9.068822E-7
5.701477E-6
-8.1576786E-7
-6.180943E-7
1.4059907E-6
1.4953501E-6
-6.420907E-6
7.7844825E-6
2.5988616E-6
-8.428227E-6
-1.1310863E-6
-9.443258E-6
-3.923865E-6
3.706508E-6
-7.3572596E-6
1.0284148E-5
1.2613346E-5
-5.916604E-7
-1.5639341E-6
-8.729249E-6
6.158749E-6
1.9464483E-6
6.6150105E-6
3.3787342E-6
1.3902982E-5
-1.20627365E-5
-8.6452055E-6
-6.175385E-6
-3.7071638E-6
2.8971936E-6
-3.201695E-6
5.49584E-6
-6.813966E-6
-1.0832954E-5
*4.2416773E-6
*8.567241E-6
-5.98112E-6
3.180429E-6
3.589714E-6
6.55804E-6
-9.822286E-7
9.327899E-6
-1.3737067E-5
8.413031E-6
-1.2489477E-6
3.4646891E-6
-2.665471E-6
2.1661367E-6
3.3627325E-6
9.665348E-7
1.8425884E-6
-8.612215E-6
-1.2582915E-6
6.3921E-6
4.56173E-6
8.720668E-6
-3.806492E-6
6.6006896E-6
3.5876358E-6
-5.3993244E-6
8.038509E-6
3.4797188E-6
1.0575968E-6
-6.9559746E-7
-4.0089617E-7
-3.833688E-6
-1.6701347E-6
-5.588838E-6
1.1235892E-5
-3.4605864E-6
2.0571908E-6
-2.9054331E-6
-9.765018E-6
1.5906527E-6
-1.0490976E-6
-9.115993E-6
-3.2147864E-6
-2.9820626E-6
2.8732939E-6
-4.633207E-6
3.1387617E-6
7.7911864E-7
-4.5593652E-7
1.9900425E-7
2.6452105E-6
3.679952E-7
-4.0202804E-6
5.8337578E-6
2.3277107E-6
*-3.0627007E-6
-1.4542056E-5
9.026571E-6
6.570424E-6
*-1.555328E-5
-5.1708344E-6
1.6968897E-7
-6.336211E-6
-1.0492265E-5
-4.7962812E-6
1.6927196E-6
7.351418E-6
-1.9371203E-6
3.1533574E-7
-3.9574225E-6
-1.4902784E-6
-2.076213E-6
1.4227644E-6
1.5673118E-6
-3.144677E-6
2.5740544E-6
1.841667E-7
-1.6001707E-6
-2.104564E-6
-3.997441E-6
-3.7061327E-6
1.6996439E-6
7.660219E-9
-1.8439287E-6
1.4909119E-7
-1.1473153E-6
-3.724598E-6
5.2563905E-7
1.4678475E-6
-4.0773057E-6
1.5948137E-6
-1.158125E-7
-5.315329E-6
-1.1061551E-6
4.257247E-6
1.1435839E-6
4.1888907E-6
5.426037E-6
7.0190945E-6
4.7394647E-6
-9.289842E-6
1.3261489E-6
-5.9458584E-6
3.5414557E-6
3.9526617E-6
3.7146353E-6
-9.128703E-6
4.445921E-6
-7.2734274E-6
4.1449675E-6
5.7173556E-6
6.20191E-7
-1.851057E-6
4.421241E-6
-2.728007E-6
-8.863915E-6
3.4861562E-6
-3.747822E-6
-3.0235412E-7
-1.5232929E-5
-6.8225027E-6
5.791732E-6
4.4747367E-7
-1.5024045E-6
-5.9478566E-7
-3.2388243E-8
6.177231E-7
-2.3199627E-6
1.266971E-6
4.1846192E-6
-2.4430585E-6
1.2252303E-6
2.137649E-6
2.0852738E-6
4.0840914E-6
2.736914E-6
-1.0924646E-6
6.4440687E-6
-1.9206054E-6
1.2562163E-6
-2.5845309E-6
-3.5419737E-6
-4.281992E-7
3.4254874E-6
-5.5238925E-6
2.0725726E-7
-6.033872E-7
5.3753365E-6
9.291894E-6
-1.3655296E-6
-4.2511842E-6
3.975314E-6
6.1687115E-6
3.8313487E-6
-2.62587E-7
1.8138051E-5
-1.8247649E-5
1.1749527E-5
1.3321937E-6
2.1140556E-6
-1.1470115E-5
-2.3661992E-6
1.0494273E-5
-2.396303E-5
4.3258467E-7
4.7079557E-6
3.9335675E-5
1.1451406E-5
1.7298645E-6
-1.0901134E-6
7.5058824E-6
4.906699E-6
-1.1494408E-5
4.1311975E-7
9.983273E-6
-1.0969211E-5
6.0176626E-6
2.9292548E-6
2.3655457E-6
-8.919733E-7
3.6329675E-6
-2.3554774E-7
-2.2968356E-6
-7.3746696E-6
-1.5412957E-6
4.0287227E-6
-1.6306581E-6
-2.0289622E-6
-2.449474E-7
-3.252835E-6
-6.7365136E-7
8.6424025E-6
8.725695E-6
2.3153575E-6
-1.0647932E-6
8.1965645E-6
1.946753E-6
2.313982E-6
-7.5793832E-6
-4.5296083E-6
-7.8476427E-7
-3.4430445E-6
2.609454E-7
1.4483862E-6
2.6546604E-6
-8.021425E-7
-6.657046E-8
2.3313304E-7
5.220593E-6
1.088358E-5
1.194782E-5
9.905648E-6
-1.5481436E-6
1.22856E-5
1.1094903E-6
8.761784E-6
1.1383117E-5
-1.4648604E-5
2.233927E-6
-1.7307466E-5
2.1250504E-5
1.4136231E-5
7.116798E-6
9.559832E-7
-1.0002993E-5
-3.5970013E-6
-2.7084204E-6
1.917837E-5
1.2814825E-6
2.2951523E-5
-1.9508207E-5
7.6938295E-6
1.8724317E-5
1.6039487E-5
1.4984357E-6
4.575292E-6
7.707085E-6
3.6229449E-6
-4.1859353E-6
-3.9545716E-6
4.4068656E-7
6.292034E-6
1.639787E-6
-3.3098397E-6
1.1380653E-5
-7.555763E-6
-8.159702E-6
-3.922121E-6
-5.1232882E-6
1.1870902E-5
-2.338652E-6
1.5468163E-6
4.76929E-6
-3.4255982E-6
1.8145693E-6
2.1206802E-6
7.260048E-6
6.8082336E-6
-8.606043E-6
4.261892E-7
3.5616927E-6
-3.3836977E-6
5.258721E-6
-2.2478525E-6
1.794169E-5
7.206404E-7
1.2105425E-5
5.7486454E-6
-1.9307041E-5
1.3450305E-5
1.4556144E-6
3.6092142E-6
3.728357E-7
-2.3254513E-6
-2.981633E-6
-1.1667851E-6
6.191203E-6
4.4342596E-6
7.1525767E-7
2.1128176E-6
-1.1131831E-6
9.599123E-6
-1.2117412E-6
5.6577136E-7
-3.5437786E-6
2.9316536E-7
1.9668828E-6
-4.0513564E-6
-4.611317E-6
-1.5840013E-5
4.8955358E-6
6.638062E-7
6.3578964E-6
5.6967565E-6
2.5834764E-8
1.4217079E-6
-3.877468E-6
-8.477328E-6
-3.6610966E-6
3.6289878E-6
-2.0382483E-6
2.4818382E-7
-7.5602776E-7
8.675458E-7
3.7377568E-8
4.473433E-6
-3.406299E-6
-7.3373394E-7
-1.4345143E-6
-3.2683663E-6
-3.869686E-6
-3.9469518E-7
-3.6786225E-6
-4.5030498E-7
4.9007303E-6
2.9325713E-6
4.6784604E-7
4.7717376E-6
1.4353167E-6
-4.785149E-6
-4.705698E-6
5.612892E-7
-3.8881416E-7
1.4977824E-6
1.4977824E-6
7.319324E-6
-2.732809E-6
3.4577504E-6
-3.7164161E-6
7.387023E-7
4.12898E-7
3.5810688E-6
1.3579255E-7
-1.2828667E-6
-4.137229E-6
-3.854079E-6
2.9424712E-6
1.5349759E-6
-1.0633385E-7
4.14462E-6
7.658168E-6
1.7528791E-6
4.9333894E-6
-2.8921574E-8
3.063299E-6
-2.1626397E-6
1.5034058E-6
3.2732057E-6
3.0265937E-6
-4.869461E-6
1.7855484E-6
-4.3648242E-7
1.8470852E-6
3.5595551E-6
-7.4230843E-7
-3.864698E-8
-1.1914846E-6
6.1609484E-7
-5.0655553E-6
-2.5536976E-6
9.48435E-6
1.4794539E-6
2.9771998E-6
2.1087112E-6
-5.531205E-7
-1.5894676E-6
6.3661315E-7
-3.318566E-6
-1.5051128E-6
3.7804075E-6
1.4218207E-6
3.8469284E-6
3.7795444E-6
-5.563687E-6
-4.8297793E-6
4.066755E-6
-3.4146128E-6
2.362783E-6
-2.0731077E-6
-2.2521767E-6
8.9261147E-7
-1.9738895E-6
2.5835648E-6
4.4224817E-6
4.7843196E-6
-3.2251094E-6
3.479702E-6
-2.9912317E-6
7.65911E-7
9.019684E-7
5.591943E-7
2.206921E-6
3.2208006E-6
-5.334115E-6
-1.8144322E-6
-1.6016438E-6
-4.746357E-6
-5.1778648E-6
4.1743206E-6
7.534985E-6
2.6589546E-6
-3.5151285E-7
-4.7689514E-6
4.0511372E-6
2.4027247E-6
-5.3086974E-6
3.6497893E-6
-4.493402E-6
-7.147633E-7
-5.269668E-6
-4.2303323E-6
3.6291813E-6
3.9693555E-6
2.561904E-6
2.2020545E-6
5.355436E-6
9.9833505E-6
-1.5561711E-6
2.369552E-6
3.2640883E-6
8.347443E-6
-4.350482E-6
1.6532282E-6
-7.0263934E-7
-2.7447295E-6
-3.484147E-7
-1.3602925E-6
6.7533307E-7
5.9764267E-7
-8.6505605E-7
3.7241778E-6
-2.1392148E-6
1.1836564E-6
-9.764753E-6
4.110926E-6
-1.8520398E-6
5.1456154E-6
4.108358E-6
-4.3193733E-8
2.6055827E-6
5.0289723E-6
2.080952E-6
6.2131808E-6
2.3493321E-6
1.09213936E-7
-5.287289E-7
-3.4412808E-6
-3.231605E-6
7.142654E-6
3.3147044E-6
5.359134E-6
3.5170015E-6
2.4058013E-6
5.392993E-7
-4.9045602E-6
-1.0445394E-6
-1.7160127E-6
1.1154058E-6
1.1021975E-5
2.9572664E-6
-6.1501632E-6
-5.0138246E-6
-5.725145E-6
-3.0598667E-6
-1.3091523E-6
7.765015E-6
-7.827251E-6
-6.0802518E-6
-3.197488E-6
-7.8245534E-7
-4.6484456E-6
4.5270895E-7
2.9905166E-6
-6.6551393E-6
4.144222E-6
7.612163E-7
-5.828008E-6
-7.6028214E-6
-6.9789066E-6
3.1350312E-6
-5.070933E-6
-2.553848E-6
-9.003437E-6
5.5687074E-6
-9.496938E-6
-6.043581E-7
5.465069E-6
-1.9333984E-6
-2.5956665E-6
-1.4282867E-6
1.8685828E-6
-1.1642139E-6
-8.006689E-6
4.856361E-6
1.5972608E-6
3.8540134E-7
2.5588151E-6
4.7977496E-6
-3.477144E-6
-9.3933323E-7
-5.050125E-6
1.7245931E-6
-5.0354924E-6
1.3834436E-6
2.0924679E-6
3.386055E-6
-4.3086925E-6
6.311278E-6
-1.5702825E-7
2.480686E-6
-2.5449444E-6
1.25701E-6
7.9160395E-7
2.891756E-6
3.725143E-6
-4.230523E-6
-3.309642E-6
1.1244059E-6
-1.4235768E-6
5.029772E-6
1.0893524E-6
-2.9341938E-6
4.690828E-6
1.3509039E-6
3.420291E-7
-1.5147568E-6
-7.953715E-6
-5.7463177E-7
-4.597551E-6
-1.99916E-6
2.6274338E-6
3.4120305E-6
4.7421163E-6
3.6367766E-7
3.9728156E-6
4.908723E-6
1.9754978E-6
5.2057436E-7
2.808057E-7
1.6426039E-6
1.1442544E-6
-2.5012014E-6
5.211253E-7
-2.3311893E-6
5.491866E-6
-4.067024E-6
-3.3486901E-6
-3.4000768E-6
-2.1545836E-7
-1.5586727E-6
-1.1342139E-6
-9.575424E-7
7.755065E-7
-1.2753459E-5
1.0160968E-6
4.531802E-6
-2.0615648E-6
-4.548169E-6
-4.411771E-7
3.807931E-6
2.0408131E-6
-8.8219995E-6
-1.5771387E-6
-1.6767438E-6
-2.4053463E-6
2.1839404E-7
-1.2472266E-7
-2.0291711E-7
4.4669397E-7
1.5012575E-6
2.3587854E-6
1.3879118E-6
-2.8671104E-7
8.6732356E-8
-3.1877823E-6
-8.9177394E-7
1.5027659E-6
-5.4774665E-7
7.862691E-6
6.5876357E-6
-1.4357676E-6
5.308709E-7
2.4075052E-6
-7.020826E-6
-3.374017E-6
-1.8798322E-6
-5.5460094E-7
-8.087255E-6
3.3566475E-6
-3.0283002E-7
-3.0797235E-6
6.241174E-7
-1.2102101E-6
2.1262208E-6
-1.7831642E-6
3.9743603E-7
3.2260218E-6
-7.4201107E-6
-9.954509E-7
1.428259E-6
-1.0042688E-5
-1.2544789E-6
-5.089166E-7
3.3910615E-7
7.0919923E-6
5.1643583E-6
4.4772296E-6
2.325999E-8
-3.8696257E-6
-2.3029481E-6
3.6964589E-6
1.4255099E-6
-7.1757637E-7
5.0467024E-6
1.9569381E-6
-2.2232691E-6
7.979632E-6
9.078559E-6
5.9828477E-7
2.018991E-6
-7.832909E-6
2.1856026E-6
7.154433E-7
9.175395E-6
3.514741E-6
4.4301423E-6
-1.5652472E-6
6.0534167E-6
-8.492533E-7
1.4111985E-6
7.178242E-6
-1.5751513E-6
-2.1501559E-7
6.544933E-7
-3.6589126E-6
-2.783049E-6
-2.4807832E-6
1.3213843E-5
3.8082883E-6
-4.667175E-7
5.1356193E-7
1.9841239E-6
-2.3724688E-6
4.9742785E-6
-4.9530826E-7
-6.3368843E-6
5.8606715E-6
-7.177092E-6
