282.2044
276.54642
277.05872
277.34436
274.47348
271.62885
263.53525
260.60672
268.6545
264.71198
276.78308
274.5364
262.59256
263.21957
263.96417
259.3728
262.39804
261.8956
261.58612
260.37286
261.03204
262.80515
267.0179
264.61237
264.0164
265.8868
263.28207
261.83286
260.71942
255.08504
283.8928
246.53552
268.80103
245.47064
247.26653
294.7833
269.3236
314.98743
296.18198
338.2632
226.69353
182.73424
235.92014
235.92014
188.27519
198.1366
259.37836
259.37836
211.70361
211.70361
277.69287
240.60576
175.67047
222.42146
302.95847
302.95847
274.27847
274.27847
274.27847
265.7401
265.7401
281.64172
253.58746
253.58746
253.58746
270.11563
270.11563
352.57773
325.38214
325.38214
289.8505
235.44606
235.44606
240.44356
257.78558
257.78558
257.78558
248.22595
248.22595
214.69003
259.73456
259.73456
232.3966
257.68433
257.68433
230.42703
261.38043
261.38043
244.94511
228.71353
228.71353
228.71353
274.62695
274.62695
274.62695
254.91052
254.91052
251.99635
261.15146
213.56023
213.56023
221.94391
228.02953
235.52313
218.67712
218.67712
232.15305
215.39413
215.39413
215.39413
238.04968
238.04968
216.1397
205.95915
205.95915
218.02084
219.58186
220.13918
180.41077
215.90883
215.90883
217.89967
192.49283
192.49283
199.46013
177.4389
177.4389
173.6473
206.6357
217.47601
200.5263
185.23878
185.23878
208.21045
212.35922
212.35922
212.60738
212.56525
212.56525
210.87527
221.10466
213.81593
238.46962
242.2756
242.64096
242.64096
244.27156
244.27156
285.12683
276.5551
276.5551
276.45764
281.79318
281.79318
369.63293
379.78513
379.78513
366.45328
373.97906
373.97906
377.72876
338.2806
364.89035
389.76846
362.17365
362.17365
394.7211
404.72058
404.72058
404.72058
430.50797
430.50797
448.26376
411.6733
411.6733
419.88464
415.56827
415.56827
415.56827
435.84296
435.84296
435.84296
432.0405
432.0405
426.2075
441.2457
441.2457
440.6428
417.95
417.95
403.41626
422.88055
422.88055
427.44128
412.7119
412.7119
412.5106
435.13852
435.13852
435.13852
406.2477
406.2477
407.59576
422.92786
422.92786
376.02368
468.89862
431.58118
401.5991
446.67612
446.67612
434.44925
459.93277
462.9351
462.9351
466.64236
466.64236
464.27335
290.6911
290.6911
280.21982
275.9732
275.9732
278.15912
292.43155
292.43155
193.26154
218.60922
212.88019
204.12437
166.70232
166.70232
175.20459
162.21735
162.21735
162.21735
162.88792
162.88792
155.33636
188.5417
188.5417
182.45386
174.77213
174.77213
176.06439
180.14906
180.14906
187.16565
160.93187
160.93187
163.56503
163.36081
163.36081
154.03246
157.18706
157.18706
158.73116
177.84344
177.84344
162.49214
188.49251
188.49251
180.94017
146.14531
146.14531
146.14531
169.08783
169.08783
156.2607
156.83255
156.83255
164.87534
173.03026
173.03026
173.03026
179.51509
179.51509
190.5171
217.15677
217.15677
208.96387
221.89136
221.89136
220.44852
261.40784
261.40784
260.3489
267.05167
267.05167
260.0821
311.56244
311.56244
317.57913
306.57968
295.04715
306.3976
351.7502
351.7502
354.11823
353.6078
353.6078
264.168
407.08572
407.08572
398.6897
407.48154
407.48154
397.60904
408.57782
408.57782
413.942
403.0941
403.0941
408.31607
422.54324
422.54324
412.73083
405.4168
405.4168
402.8999
419.55923
419.55923
419.55923
403.13162
403.13162
414.4645
414.9853
414.9853
415.9047
456.14374
456.14374
436.6016
419.4832
419.4832
444.19452
412.37787
412.37787
415.26965
402.04617
402.04617
407.602
414.98044
414.98044
414.98044
435.84753
435.84753
428.3062
431.3089
431.3089
419.318
468.44775
468.44775
402.53262
434.4349
434.4349
409.16257
394.94458
394.94458
431.14526
437.17783
432.2991
434.5803
420.1268
420.1268
401.753
427.25543
427.25543
430.04138
409.4642
409.4642
446.04526
437.60727
437.60727
452.92084
333.67712
333.67712
339.81128
315.809
315.809
378.44382
238.68625
238.68625
253.27129
275.02246
275.02246
285.473
220.19984
220.19984
179.39636
212.03107
212.03107
178.17293
207.47012
207.47012
203.41446
182.95523
182.95523
188.35905
172.5332
172.5332
173.4677
167.9654
184.54233
211.47203
127.63873
127.63873
118.389626
148.93532
148.93532
148.93532
207.68384
207.68384
207.68384
201.59828
201.59828
202.12544
225.90633
225.90633
240.23149
220.34477
220.34477
228.5003
232.93983
232.93983
244.1837
248.25792
248.25792
246.2618
231.21494
231.21494
231.21494
258.2029
258.2029
240.03308
253.30908
253.30908
206.69841
261.86218
261.86218
269.86237
192.23056
192.23056
204.22688
217.65349
217.65349
221.78455
210.0976
210.0976
207.17607
204.7287
198.7569
199.67195
221.0502
221.0502
206.97142
198.09738
198.09738
220.71327
240.01595
247.61984
233.17572
267.32727
267.32727
258.20853
316.2279
316.2279
327.95187
321.72873
321.72873
364.5185
322.19913
324.6205
355.77148
369.06033
369.06033
356.8973
327.48822
327.48822
386.04526
371.4455
371.4455
380.49945
342.39032
342.39032
333.92017
401.11877
401.11877
380.1556
450.41583
450.41583
441.90356
453.74606
456.29358
438.2895
442.3661
446.20865
445.98578
436.80203
440.75742
446.5835
430.31204
430.31204
436.6441
434.5432
434.5432
448.33594
451.0169
451.0169
434.09048
444.65338
442.0318
439.8651
434.96973
434.96973
437.83496
430.4954
430.4954
447.54434
441.33868
441.33868
432.76422
444.55713
444.55713
451.51978
425.30737
425.30737
455.417
431.16296
431.16296
425.3621
410.6336
410.6336
412.7461
396.70914
396.70914
406.75217
285.62518
285.62518
304.65805
262.7629
262.7629
270.79553
332.7808
332.7808
309.07565
248.67747
248.67747
202.30725
245.24002
245.24002
274.81537
217.974
217.974
188.362
182.00311
182.00311
174.69185
168.46814
168.46814
201.2038
190.85042
190.85042
179.0633
170.58794
170.58794
195.8561
182.27377
182.27377
194.30823
189.5002
189.5002
198.9476
196.78035
196.78035
209.20802
227.32542
227.32542
255.60089
223.22862
223.22862
223.85912
227.39505
227.39505
246.52908
232.73753
232.73753
227.9724
239.24463
239.24463
232.70705
233.13255
233.13255
230.00017
222.83876
222.83876
234.1219
243.61217
243.61217
249.44337
253.82857
253.82857
232.77927
241.79335
241.79335
246.10818
250.98666
250.98666
243.7913
258.0785
258.0785
248.40063
263.02585
263.02585
220.62152
268.3451
268.3451
241.84676
263.4252
263.4252
256.94135
219.06151
219.06151
267.572
249.43944
232.81339
283.74808
244.37744
244.37744
299.94876
300.56244
300.56244
278.5518
246.81375
228.14331
231.75294
284.03314
284.03314
337.74896
339.99402
339.99402
358.99695
339.55817
339.55817
343.56418
355.3184
353.63608
348.15967
359.4028
359.4028
439.34448
387.09753
387.09753
367.65353
448.11652
497.6061
445.0103
437.89145
437.89145
452.10413
405.2888
405.2888
510.0947
512.96924
512.96924
406.2294
301.3551
301.3551
333.22974
345.52396
385.44254
384.5277
346.6399
368.0246
439.24872
456.15543
456.15543
442.00363
439.10056
439.10056
445.20132
407.45554
407.45554
417.21643
390.5846
390.5846
433.98364
423.1947
423.1947
439.78296
425.5579
425.5579
455.92212
468.9388
468.9388
444.37216
392.47046
392.47046
424.9927
441.31778
441.31778
416.35544
420.22693
420.22693
418.1255
406.4297
406.4297
396.0684
389.3345
389.3345
286.96164
261.33157
261.33157
260.3162
267.21332
267.21332
159.78854
194.07428
194.07428
202.24252
201.76076
201.76076
143.72812
230.31013
230.31013
295.6429
293.8286
293.8286
290.33124
170.60226
66.76605
82.81283
84.87537
113.98018
98.51245
115.644714
120.831894
120.34657
117.85875
117.85875
227.00722
243.1103
243.1103
222.75348
316.9264
322.2035
264.4398
277.57175
277.57175
277.57175
243.37166
243.37166
243.37166
250.7479
250.81696
256.98334
258.86288
254.86143
259.51132
254.00612
254.00612
260.86133
251.42488
251.42488
240.46327
229.76602
229.76602
235.48854
239.45801
239.45801
223.32967
207.98029
207.98029
249.99084
219.87328
218.94453
256.39224
213.77965
173.37772
174.48172
169.72821
152.10547
166.95837
312.99265
312.99265
289.0751
185.4516
208.16037
230.95872
295.14465
295.14465
252.28874
272.11383
272.11383
262.83298
278.94232
278.94232
281.6093
275.45682
246.4318
246.4318
245.34131
245.34131
248.66006
258.92795
258.92795
252.36336
266.58624
266.58624
251.0896
258.01987
258.01987
247.84642
253.81526
253.81526
266.54694
262.05026
262.05026
246.59358
245.30873
245.30873
244.07387
228.55383
244.10379
248.28157
243.18814
243.18814
258.108
245.6249
245.6249
206.66994
238.39429
238.39429
276.7291
247.93318
247.93318
257.00803
251.24901
251.24901
243.35234
228.23773
228.23773
201.16992
167.01947
167.01947
241.07619
303.87082
303.87082
301.91556
288.24338
288.24338
302.72287
223.99489
223.99489
237.64343
229.08055
229.08055
214.13077
228.54303
228.54303
257.7634
270.9058
275.35318
265.75378
271.9231
271.9231
277.58862
255.05453
255.05453
249.14761
243.53264
243.53264
253.17693
265.74405
265.74405
262.39374
265.6491
258.8171
249.38115
257.3996
254.32697
254.07271
248.70943
248.70943
244.97713
266.14075
270.4965
256.76266
258.87167
258.87167
255.00587
245.85312
245.85312
247.52397
269.55423
269.55423
314.43604
344.89395
343.31607
338.07156
193.373
151.1745
124.77134
190.84428
190.84428
190.84428
200.07016
200.07016
200.07016
227.11545
227.11545
227.11545
245.75371
245.75371
245.75371
253.47044
238.3146
238.3146
237.11186
237.11186
237.11186
221.13222
221.13222
221.13222
228.54036
228.54036
228.54036
225.80447
225.80447
225.80447
256.59238
256.59238
256.59238
286.17117
286.17117
280.56183
229.4633
229.4633
229.4633
239.5652
239.5652
239.5652
263.29358
263.29358
263.29358
228.7784
228.7784
228.7784
245.94585
245.94585
245.94585
267.2319
267.2319
267.2319
247.80405
245.8166
245.8166
235.87001
231.58986
231.58986
252.83632
252.83632
252.83632
248.65695
248.65695
248.65695
250.7254
250.7254
250.7254
230.41232
230.41232
230.41232
255.02689
255.02689
255.02689
248.22742
248.22742
249.07181
252.26636
245.7503
245.7503
247.39143
247.39143
247.39143
247.19734
247.19734
247.19734
240.00124
240.00124
240.00124
253.79352
253.79352
253.79352
245.2092
245.2092
245.2092
235.41226
235.41226
234.67644
247.85652
254.98804
254.98804
259.55948
259.55948
259.55948
226.47523
226.47523
226.47523
239.97006
239.97006
239.97006
252.54198
252.54198
252.54198
255.73041
255.73041
252.18675
253.53886
253.53886
253.53886
258.29004
258.29004
258.29004
246.91183
246.91183
246.91183
248.84225
248.84225
248.84225
252.8333
252.8333
252.31306
253.64995
253.64995
253.64995
240.45692
237.85489
237.85489
247.78375
248.5605
248.5605
252.82538
247.63367
247.63367
240.45038
240.45038
240.45038
261.60458
262.4238
262.4238
250.55261
250.55261
250.55261
242.22217
242.22217
242.22217
235.42757
235.42757
241.22076
248.9751
253.22774
253.22774
251.2859
248.52762
248.52762
243.18604
238.02306
238.02306
235.9385
235.9385
235.9385
247.60124
247.7818
243.11354
260.54633
260.54633
257.78806
247.42213
247.42213
256.23773
260.0862
259.37723
259.37723
241.4664
226.64767
226.64767
251.16356
251.16356
252.80809
246.93866
246.93866
240.6932
222.86479
222.86479
220.25392
248.15404
248.15404
251.7963
261.54263
261.54263
260.80945
253.91814
256.11188
256.11188
254.11713
252.31796
252.31796
239.27391
239.27391
239.27391
241.59373
241.59373
247.01172
259.94757
259.94757
251.50276
235.81427
235.81427
236.86049
245.95149
248.39232
248.39232
257.1701
258.43445
258.43445
237.12732
237.12732
230.79332
254.86722
254.86722
254.86722
260.6535
260.6535
263.96887
239.76909
239.76909
235.99394
239.451
239.451
244.86037
232.00328
232.00328
231.26817
251.14438
257.60736
257.60736
257.3307
257.3307
257.3307
237.03958
237.03958
237.03958
238.37096
238.37096
245.19342
245.37625
245.37625
248.26732
244.19293
244.19293
243.92993
237.4359
237.4359
229.9744
258.18304
257.01697
257.01697
255.65868
267.95462
267.95462
237.51593
237.51593
252.60649
277.5943
277.5943
277.93463
229.30865
229.30865
215.73788
315.25693
315.25693
324.0658
262.20334
262.20334
248.7459
