55.82181
55.82181
55.529896
53.770405
54.942207
54.01845
52.356384
52.129288
64.51281
70.6067
52.487125
45.983578
65.459816
84.16352
72.36106
68.30768
46.872013
49.937973
48.82922
32.561493
37.899094
6.6134925
-6.2298145
-15.316006
21.738789
19.072542
12.656408
32.664413
19.634321
12.5068445
36.898132
38.230175
25.464766
26.513248
29.665737
25.559484
37.909164
35.362923
27.88157
47.5688
45.371067
39.87411
38.162243
37.124516
48.058735
48.234314
30.982374
36.808968
43.30566
33.966152
46.6413
49.35513
41.284306
18.638342
22.307722
39.135567
36.251255
37.732155
32.04674
36.547146
37.666046
49.597115
45.283356
38.477154
10.898624
2.5930765
24.084286
70.64501
42.542152
94.23938
77.23365
62.70985
74.38543
78.41281
103.393005
104.56565
42.789738
62.87926
76.675064
43.94484
52.721386
49.014545
54.931374
79.34129
72.45054
48.118298
63.346073
59.31594
65.30458
66.40365
53.197685
89.11171
90.68446
77.09157
12.91576
18.915503
38.31214
39.677803
29.556017
8.512847
20.039215
31.422646
22.903072
5.8146954
-4.1105814
32.10295
31.889595
25.851475
22.490774
51.00743
24.454916
-8.035135
13.218222
10.231517
-8.418804
-2.2158198
34.517006
33.81242
8.830199
28.587519
31.254192
25.993528
22.695156
35.081303
33.92332
37.02867
37.31746
29.25485
27.5291
39.963497
45.36
41.10646
35.44944
28.686728
25.266748
28.67759
25.041803
39.262993
17.750885
20.588472
36.653923
24.307224
29.205652
40.2543
56.097275
9.534951
37.638958
31.864143
42.717255
56.879715
34.553257
18.92265
27.696758
25.06792
38.122704
50.02739
-0.65013415
8.614235
16.03927
26.042894
16.692553
11.702681
2.995167
3.882818
-2.8087826
18.360544
7.0287657
8.147721
17.152514
14.401789
6.105078
16.34578
16.507238
22.121565
-14.49761
-18.221659
2.0826688
-17.81593
5.3853445
15.7873
59.115
47.082424
54.042812
88.36049
74.41468
52.160995
29.890064
54.88608
49.273014
43.695843
34.74254
67.1628
58.2689
-15.261736
-15.419869
-20.129782
6.1704917
0.73407936
-2.646017
2.1600618
-8.305633
-9.119683
-2.0135286
-23.39827
-29.82548
-59.33936
-64.22469
-81.44739
-192.33899
-227.7536
-243.33385
-294.20047
-299.46826
-346.62552
-274.5075
-227.79312
-329.45584
-301.79123
-255.98146
-227.68005
-185.35805
-144.65797
-148.1315
-174.35767
-178.25584
-186.74786
-197.76456
-180.03403
-195.5257
-199.5074
-206.75288
-215.71823
-220.62497
-222.98654
-221.88351
-231.24844
-229.81099
-223.14224
-229.4468
-230.44165
-221.14258
-224.30862
-221.66803
-201.2991
-202.60094
-208.97269
-279.37036
-299.35583
-330.9718
-335.9798
-342.80576
-308.72525
-319.41476
-315.68768
-280.45944
-302.6403
-324.52814
-324.44925
-338.94147
-347.1414
-310.1516
-286.37473
-316.73737
-264.80576
-272.09106
-213.34503
-200.54552
-142.22278
-117.75808
-110.54437
-126.375046
-146.83011
-144.55309
-192.82315
-192.67047
-215.45137
-219.07466
-218.99571
-224.03131
-224.68129
-222.30179
-225.2638
-227.97136
-229.36488
-224.31372
-223.69926
-225.88824
-234.59409
-235.6679
-239.50249
-238.34132
-240.51697
-237.00569
-233.45218
-233.62793
-234.71065
-212.33974
-226.38951
-225.9468
-210.13689
-209.62057
-113.892876
-119.32949
-150.30267
-235.87383
-221.00275
-242.52133
-306.70578
-326.0668
-431.45984
-439.6707
-468.0744
-464.92804
-447.61102
-412.63516
-380.46005
-371.25125
-341.2512
-334.54483
-327.60196
-306.42682
-270.70914
-245.20486
-203.47499
-188.41623
-127.40575
-73.53836
-78.489624
-27.075302
30.873077
29.448172
40.677177
53.05975
66.85907
28.95468
26.002098
30.700758
30.917995
28.875515
22.943079
24.600029
27.784046
25.280104
34.206768
31.06736
33.90469
38.741882
25.55503
15.184624
7.930921
22.439062
19.321417
33.269115
24.054825
-57.311886
-40.963238
-158.21135
-170.50351
-292.5655
-369.12222
-398.50388
-412.36823
-443.4046
-444.93185
-467.16876
-451.75693
-443.8001
-472.54642
-460.95547
-458.26672
-445.67743
-446.7863
-449.8247
-442.60916
-449.60812
-430.5473
-400.97745
-373.39172
-339.88974
-297.2449
-244.09645
-203.61246
-183.27583
-139.35797
-53.869026
-74.72325
-19.12756
39.33396
40.952938
62.934845
-8.883286
-13.013867
-45.589626
-31.791521
-71.113335
-38.877888
-44.517883
-37.664925
-32.70643
-33.397644
-26.13373
-27.467905
-14.222589
-39.10818
-15.025533
-29.605425
-40.29523
-38.73547
-57.92176
-57.31517
-56.17927
-48.627975
-127.42281
-292.7866
-314.38104
-92.169235
-387.09546
-323.3679
-410.62592
-254.54004
-248.55017
-253.99951
-261.32892
-264.74432
-266.16504
-294.02313
-300.16254
-289.0981
-294.0434
-260.07465
-241.7768
-252.83096
-230.35878
-287.3842
-278.53812
-269.16898
-283.21347
-272.35635
-295.0713
-263.7851
-283.83218
-285.73245
-288.00745
-244.95624
-245.10251
-245.08452
-256.98618
-261.03244
-260.93552
-260.83728
-260.6805
-244.77107
-256.87698
-256.97543
-256.95984
-253.34523
-253.34483
-257.11008
-249.44727
-249.54369
-249.67352
-253.66919
-253.39369
-260.88113
-261.0693
-249.03563
-249.07643
-248.98393
-253.45772
-257.08957
-257.22134
-249.5659
-237.78343
-237.78343
-249.24814
-249.76802
-250.00066
-249.93083
-249.95964
-248.9576
-257.28873
-257.18054
-253.16997
-249.40514
-249.55658
-253.22017
-245.07495
-245.13403
-253.45197
-260.67575
-260.9867
-261.11307
-241.51799
-241.5408
-245.56395
-245.46336
-241.48012
-253.15614
-253.27498
-249.4625
-245.20192
-245.00398
-249.50554
-248.84604
-248.81432
-253.30804
-253.36896
-249.5613
-253.30086
-253.21378
-249.61877
-257.2208
-257.39102
-241.23082
-245.38022
-245.4489
-248.93799
-249.52449
-249.92891
-253.4434
-241.40672
-241.51773
-249.81279
-249.80846
-253.48302
-241.47981
-241.4035
-257.4202
-249.58037
-249.66931
-253.38869
-253.40662
-253.36142
-237.72289
-245.31467
-245.27937
-245.44139
-245.21185
-245.32188
-249.57323
-249.74133
-260.96912
-253.02826
-253.3859
-241.50513
-249.51875
-249.57036
-257.15186
-257.2724
-245.11021
-249.04233
-249.0755
-249.80943
-256.8271
-256.73282
-245.04648
-256.92856
-256.9995
-245.2833
-245.29518
-260.83774
-260.94287
-261.08908
-249.32352
-253.39946
-253.28694
-245.27402
-257.11658
-257.103
-256.89096
-248.80055
-248.9472
-245.02002
-245.06546
-253.38857
-245.21735
-244.9964
-260.7807
-257.17462
-257.21945
-245.128
-245.14995
-245.2691
-245.82967
-260.4184
-260.45767
-249.5308
-249.43665
-249.35716
-257.14032
-257.15414
-257.04843
-253.62903
-253.49565
-248.80911
-253.50801
-253.35365
-253.31314
-253.10976
-253.17966
-245.15306
-249.54538
-249.61116
-245.18837
-253.29651
-253.58275
-257.3004
-257.13214
-253.36668
-245.11082
-245.33429
-249.19771
-253.47244
-253.15732
-245.73392
-260.49002
-260.6243
-249.75948
-257.1165
-257.117
-249.71361
-249.64235
-252.96503
-244.99252
-245.02463
-241.307
-249.57332
-249.56735
-253.3766
-248.80013
-248.72899
-260.8275
-260.74527
-248.82559
-248.91487
-248.92981
-260.63748
-260.8987
-260.9161
-241.48985
-253.04695
-253.2343
-252.90662
-248.7822
-248.92815
-253.15376
-253.11287
-249.40338
-253.08807
-253.1005
-253.04115
-253.26125
-253.55225
-253.51965
-249.35806
-249.36389
-249.51051
-257.09146
-257.0267
-264.53378
-264.6891
-248.84889
-253.50888
-253.55096
-244.92456
-248.55652
-248.57268
-249.02242
-257.0244
-257.11435
-253.26115
-253.14774
-249.48499
-249.15588
-248.80388
-241.5736
-260.908
-260.56815
-253.3414
-249.66505
-249.59512
-256.9895
-252.99974
-253.16486
-253.24666
-253.00987
-255.33879
-260.26486
-260.42276
-252.93373
-245.69585
-243.05106
-261.8236
-248.89485
-244.47229
-262.73148
-256.88733
-256.0073
-195.37506
-237.8527
-206.8313
-229.2047
-257.0526
-240.54987
-241.52281
-270.5426
-247.9
-212.75357
-259.55994
-260.62845
-248.7933
-249.09267
-272.52255
-272.39444
-268.64417
-267.95187
-267.92792
-264.44815
-252.3764
-252.32599
-257.05856
-264.6382
-264.76584
-264.44382
-264.54672
-268.5097
-264.34918
-264.45984
-256.8502
-256.94757
-257.01352
-257.2758
-245.00526
-245.17934
-253.36684
-253.31078
-248.93411
-268.06036
-268.26065
-264.7257
-264.5367
-264.675
-261.05942
-261.22174
-261.22983
-272.26022
-272.20203
-276.18576
-260.8221
-260.8616
-256.8714
-260.70752
-260.69727
-245.21497
-260.7039
-260.92267
-253.33325
-261.07538
-260.9959
-252.73833
-245.3068
-245.4573
-264.41943
-264.41098
-252.89366
-256.9698
-256.94315
-249.00487
-248.97314
-248.94864
-249.18799
-260.95352
-260.9474
-253.19832
-256.88425
-256.97156
-253.47638
-253.473
-272.6476
-257.03317
-257.00967
-257.30032
-248.86578
-248.99203
-252.72125
-252.76167
-252.62148
-260.81705
-260.81998
-248.79602
-257.0936
-257.08636
-268.3009
-276.664
-276.5593
-280.36478
-260.89056
