-262.1978
-268.15884
-260.163
-259.8585
-254.34283
-257.37863
-256.35135
-259.328
-249.5641
-253.742
-252.4957
-254.9366
-241.44725
-240.7635
-238.6069
-243.58998
-243.72672
-244.26653
-241.80074
-243.10669
-240.38577
-238.44614
-243.03052
-245.64757
-246.991
-244.97632
-243.10866
-244.66878
-240.49846
-247.73553
-214.11702
-256.24496
-229.8933
-254.65479
-256.35086
-199.89821
-227.91669
-158.94688
-164.21577
16.386791
-251.23125
-284.80756
-272.4245
-272.4245
-307.28784
-301.0237
-232.83252
-232.83252
-276.89282
-276.89282
-208.91025
-250.73032
-299.82776
-266.99338
-174.07014
-174.07014
-251.02644
-251.02644
-251.02644
-260.04822
-260.04822
-242.73618
-271.91238
-271.91238
-271.91238
-234.14801
-234.14801
-58.96341
-148.03445
-148.03445
-209.22336
-254.13246
-254.13246
-249.4095
-231.4407
-231.4407
-231.4407
-236.65291
-236.65291
-267.44885
-223.9613
-223.9613
-254.30144
-228.6398
-228.6398
-256.0874
-224.40512
-224.40512
-235.33818
-251.14194
-251.14194
-251.14194
-199.90553
-199.90553
-199.90553
-213.28668
-213.28668
-216.72185
-205.59787
-242.34015
-242.34015
-234.68623
-228.7778
-221.0556
-237.73311
-237.73311
-224.59229
-235.79633
-235.79633
-235.79633
-212.90118
-212.90118
-233.2691
-242.305
-242.305
-231.51193
-230.03183
-229.4986
-259.42874
-230.72641
-230.72641
-228.84718
-250.59499
-250.59499
-249.25644
-265.3838
-265.3838
-267.8801
-243.34097
-241.42249
-255.67526
-266.95923
-266.95923
-249.45749
-245.93536
-245.93536
-245.7208
-260.43875
-260.43875
-261.80896
-253.22914
-259.41296
-267.68472
-264.24493
-263.90942
-263.90942
-262.40094
-262.40094
-285.45203
-293.76428
-293.76428
-293.85602
-288.74344
-288.74344
-292.5137
-279.20612
-279.20612
-296.4874
-286.93637
-286.93637
-309.66678
-352.33325
-324.69604
-294.3689
-327.7237
-327.7237
-349.2474
-337.60898
-337.60898
-337.60898
-304.0418
-304.0418
-321.4538
-367.14847
-367.14847
-357.7287
-385.8427
-385.8427
-385.8427
-362.78433
-362.78433
-362.78433
-367.3047
-367.3047
-375.3207
-357.52017
-357.52017
-358.26294
-384.4948
-384.4948
-398.8215
-378.12076
-378.12076
-372.95737
-389.1943
-389.1943
-390.65805
-365.2849
-365.2849
-365.2849
-408.42194
-408.42194
-407.07657
-391.1235
-391.1235
-436.40796
-326.85043
-374.74652
-406.7129
-356.61975
-356.61975
-371.4176
-281.39774
-276.43063
-276.43063
-270.12524
-270.12524
-274.1771
-243.62715
-243.62715
-255.60188
-260.1812
-260.1812
-257.8429
-241.53517
-241.53517
-262.6366
-241.94632
-247.00209
-254.28575
-270.31204
-270.31204
-264.8804
-273.0271
-273.0271
-273.0271
-271.30115
-271.30115
-275.69443
-254.14333
-254.14333
-258.5486
-263.80203
-263.80203
-263.4001
-260.62354
-260.62354
-255.6312
-273.52228
-273.52228
-271.95584
-272.07858
-272.07858
-277.46616
-275.14703
-275.14703
-274.2592
-262.26968
-262.26968
-272.04776
-254.13174
-254.13174
-259.56314
-280.6313
-280.6313
-280.6313
-269.55466
-269.55466
-277.1877
-276.86453
-276.86453
-272.15167
-281.1756
-281.1756
-281.1756
-277.08038
-277.08038
-269.63388
-278.30426
-278.30426
-284.5073
-274.54425
-274.54425
-275.7041
-285.66946
-285.66946
-286.63492
-280.40076
-280.40076
-286.877
-286.69357
-286.69357
-280.01404
-292.01578
-303.6635
-292.20688
-292.3436
-292.3436
-289.4706
-290.09393
-290.09393
-373.37424
-316.38953
-316.38953
-326.90607
-315.8795
-315.8795
-328.21982
-338.2661
-338.2661
-331.68048
-344.7825
-344.7825
-338.58194
-326.8106
-326.8106
-339.11844
-347.82938
-347.82938
-350.74164
-344.06476
-344.06476
-344.06476
-363.17398
-363.17398
-350.18515
-351.20474
-351.20474
-350.1154
-295.7877
-295.7877
-323.93893
-344.50226
-344.50226
-311.9921
-352.97632
-352.97632
-349.56967
-370.0707
-370.0707
-363.94244
-355.5061
-355.5061
-355.5061
-340.85687
-340.85687
-350.2859
-346.58185
-346.58185
-360.99683
-306.11127
-306.11127
-388.73468
-352.7231
-352.7231
-381.7504
-397.3645
-397.3645
-357.7616
-350.36444
-356.3665
-353.58115
-354.8845
-354.8845
-375.5584
-346.269
-346.269
-342.80298
-341.27948
-341.27948
-291.8497
-304.3558
-304.3558
-281.06094
-343.42993
-343.42993
-337.36163
-359.92947
-359.92947
-293.3681
-320.69846
-320.69846
-309.3094
-290.14017
-290.14017
-279.86386
-258.286
-258.286
-288.126
-265.03302
-265.03302
-288.88416
-247.87
-247.87
-251.20892
-266.47845
-266.47845
-262.68658
-265.1302
-265.1302
-264.5197
-268.04724
-256.91605
-235.24728
-291.59027
-291.59027
-295.46643
-281.30905
-281.30905
-281.30905
-252.49925
-252.49925
-252.49925
-257.384
-257.384
-256.9703
-238.2826
-238.2826
-223.83272
-243.4347
-243.4347
-235.79625
-232.75519
-232.75519
-220.9305
-216.34224
-216.34224
-218.61185
-228.78632
-228.78632
-228.78632
-197.825
-197.825
-219.51675
-196.82321
-196.82321
-245.31744
-185.29187
-185.29187
-173.43352
-251.18631
-251.18631
-241.53369
-229.50842
-229.50842
-225.51889
-237.15036
-237.15036
-239.70683
-241.80046
-246.73259
-245.9927
-241.52502
-241.52502
-253.69344
-260.6817
-260.6817
-241.833
-269.0412
-262.0596
-274.99078
-241.92336
-241.92336
-251.63293
-294.63522
-294.63522
-281.52713
-288.61847
-288.61847
-232.24188
-339.25735
-336.9412
-303.86594
-287.58005
-287.58005
-302.54272
-357.966
-357.966
-293.86618
-312.1162
-312.1162
-301.01236
-364.6539
-364.6539
-372.4257
-298.8434
-298.8434
-325.09274
-337.8755
-337.8755
-348.93472
-333.3897
-329.89447
-353.46362
-352.36584
-347.48712
-347.77295
-359.24008
-354.37607
-347.00522
-368.63925
-368.63925
-361.11664
-363.642
-363.642
-346.3087
-342.8098
-342.8098
-364.0059
-351.0246
-354.31998
-357.00626
-361.1891
-361.1891
-357.7104
-366.51044
-366.51044
-345.60693
-353.4973
-353.4973
-363.94406
-349.44116
-349.44116
-338.48065
-370.8813
-370.8813
-333.2186
-364.05737
-364.05737
-370.81854
-330.73123
-330.73123
-328.09097
-347.31085
-347.31085
-335.4933
-391.54987
-391.54987
-376.93045
-407.24533
-407.24533
-401.94876
-398.0867
-398.0867
-416.75922
-455.3852
-455.3852
-477.79477
-379.84256
-379.84256
-359.02588
-396.1192
-396.1192
-295.02628
-298.99103
-298.99103
-303.3209
-306.8212
-306.8212
-264.02917
-271.6071
-271.6071
-279.51862
-284.77023
-284.77023
-271.0208
-280.33582
-280.33582
-272.1327
-275.50232
-275.50232
-268.75958
-275.72604
-275.72604
-266.41953
-251.13847
-251.13847
-236.63182
-267.38632
-267.38632
-266.85864
-263.8521
-263.8521
-241.51021
-254.82741
-254.82741
-259.09906
-248.72835
-248.72835
-251.01646
-250.62129
-250.62129
-253.49902
-259.81665
-259.81665
-250.93753
-241.73509
-241.73509
-235.71323
-230.98434
-230.98434
-250.53357
-241.84543
-241.84543
-237.45308
-232.29068
-232.29068
-236.00598
-220.29185
-220.29185
-231.14969
-214.36066
-214.36066
-253.74663
-202.61314
-202.61314
-233.60506
-208.96973
-208.96973
-214.90337
-253.40549
-253.40549
-201.51309
-223.56714
-240.83237
-190.07253
-238.57947
-238.57947
-163.31331
-162.18112
-162.18112
-220.67781
-255.68097
-272.47098
-269.40738
-213.57666
-213.57666
-269.6056
-266.7689
-266.7689
-240.58844
-267.32355
-267.32355
-338.39502
-326.03128
-327.8553
-333.66513
-321.5233
-321.5233
-353.48587
-410.0382
-410.0382
-427.5589
-342.29718
-265.26202
-499.49734
-505.74988
-505.74988
-493.08582
-532.2338
-532.2338
-443.99496
-440.67062
-440.67062
-540.6531
-605.4033
-605.4033
-584.4793
-577.2966
-551.4456
-552.08386
-576.6272
-566.7111
-513.48236
-498.52365
-498.52365
-511.11304
-513.60895
-513.60895
-494.62537
-526.1543
-526.1543
-518.4485
-538.7969
-538.7969
-485.00858
-494.45044
-494.45044
-479.7562
-492.41794
-492.41794
-461.41544
-448.1802
-448.1802
-472.54886
-516.4649
-516.4649
-485.59677
-470.80954
-470.80954
-493.0225
-489.7267
-489.7267
-486.66898
-496.47812
-496.47812
-504.78253
-509.9943
-509.9943
-446.338
-461.81204
-461.81204
-462.3851
-458.43375
-458.43375
-383.24
-367.07013
-367.07013
-362.6338
-362.90207
-362.90207
-389.2683
-345.1736
-345.1736
-291.1749
-175.353
-175.353
-181.08472
-296.61215
-335.5982
-332.0029
-331.48154
-309.6352
-314.89795
-309.0174
-307.02628
-307.21677
-308.17972
-308.17972
-267.87216
-253.34785
-253.34785
-271.4197
-151.14703
-152.65889
-239.14735
-223.77168
-223.77168
-223.77168
-270.05795
-270.05795
-270.05795
-263.22357
-263.15765
-257.13934
-255.24715
-259.24268
-261.34552
-266.69925
-266.69925
-259.99802
-240.87337
-240.87337
-251.81702
-261.61426
-261.61426
-256.47534
-252.77322
-252.77322
-266.1933
-278.35092
-278.35092
-241.32887
-269.0553
-264.53934
-228.43115
-268.73032
-296.4084
-295.75986
-311.95004
-320.91177
-313.44122
-167.79784
-167.79784
-206.29128
-302.86655
-290.88718
-273.13757
-202.0786
-202.0786
-253.56754
-228.24031
-228.24031
-238.8689
-219.84274
-219.84274
-216.41576
-224.19443
-249.06502
-249.06502
-250.13936
-250.13936
-246.84044
-234.92825
-234.92825
-241.96626
-226.20058
-226.20058
-243.28783
-230.67097
-230.67097
-241.56886
-235.28957
-235.28957
-220.76256
-219.4475
-219.4475
-236.68355
-238.01501
-238.01501
-239.28113
-255.30171
-240.47693
-236.16122
-241.40283
-241.40283
-225.37984
-236.09415
-236.09415
-270.84964
-243.39313
-243.39313
-198.72847
-235.72408
-235.72408
-225.79543
-232.18663
-232.18663
-240.45023
-267.6428
-267.6428
-288.5408
-309.5636
-309.5636
-256.1393
-207.48912
-207.48912
-210.3242
-228.70279
-228.70279
-209.16039
-278.08914
-278.08914
-266.51987
-273.91483
-273.91483
-285.75394
-279.36356
-279.36356
-252.65376
-238.50781
-233.35927
-244.23528
-250.34496
-250.34496
-244.04791
-267.5107
-267.5107
-273.02063
-266.15833
-266.15833
-257.00156
-243.98454
-243.98454
-247.58414
-238.35556
-245.75699
-255.32695
-247.24129
-250.40086
-250.65881
-256.4547
-256.4547
-260.0223
-238.31602
-233.36043
-248.3915
-244.04263
-244.04263
-248.07939
-257.15292
-257.15292
-255.54498
-230.64217
-230.64217
-164.27202
-83.08727
-89.38344
-107.53124
-298.8769
-322.28372
-333.3956
-300.49783
-300.49783
-300.49783
-298.27557
-298.27557
-298.27557
-278.2354
-278.2354
-278.2354
-260.7735
-260.7735
-260.7735
-253.27925
-267.58893
-267.58893
-269.7288
-269.7288
-269.7288
-282.97742
-282.97742
-282.97742
-278.9688
-278.9688
-278.9688
-281.1879
-281.1879
-281.1879
-254.07013
-254.07013
-254.07013
-220.22124
-220.22124
-227.32439
-276.8372
-276.8372
-276.8372
-268.1431
-268.1431
-268.1431
-246.4581
-246.4581
-246.4581
-278.79303
-278.79303
-278.79303
-263.52878
-263.52878
-263.52878
-241.91707
-241.91707
-241.91707
-260.5987
-262.47427
-262.47427
-271.4477
-275.1085
-275.1085
-256.34045
-256.34045
-256.34045
-260.39655
-260.39655
-260.39655
-257.22177
-257.22177
-257.22177
-275.5657
-275.5657
-275.5657
-253.9964
-253.9964
-253.9964
-260.64548
-260.64548
-259.83875
-260.77118
-266.92078
-266.92078
-265.40045
-265.40045
-265.40045
-262.06012
-262.06012
-262.06012
-268.666
-268.666
-268.666
-255.02596
-255.02596
-255.02596
-263.29037
-263.29037
-263.29037
-273.01797
-273.01797
-273.6508
-261.7726
-254.8311
-254.8311
-248.70279
-248.70279
-248.70279
-279.16513
-279.16513
-279.16513
-268.8809
-268.8809
-268.8809
-257.1092
-257.1092
-257.1092
-253.64323
-253.64323
-257.16675
-255.83385
-255.83385
-255.83385
-252.93109
-252.93109
-252.93109
-264.05002
-264.05002
-264.05002
-260.85245
-260.85245
-260.85245
-256.98602
-256.98602
-257.3233
-256.00558
-256.00558
-256.00558
-268.4355
-270.7437
-270.7437
-260.98868
-260.24908
-260.24908
-256.1079
-261.1312
-261.1312
-268.3776
-268.3776
-268.3776
-247.80229
-248.84988
-248.84988
-260.7986
-260.7986
-260.7986
-268.55334
-268.55334
-268.55334
-271.12906
-271.12906
-265.98813
-258.74417
-257.77823
-257.77823
-259.67148
-262.31262
-262.31262
-267.27222
-271.8803
-271.8803
-270.32956
-270.32956
-270.32956
-259.68958
-261.12485
-265.4765
-248.38991
-248.38991
-251.25142
-260.8923
-260.8923
-252.23955
-248.26944
-249.01013
-249.01013
-266.41415
-276.73648
-276.73648
-254.69414
-254.69414
-253.0619
-260.35278
-260.35278
-266.13724
-281.23563
-281.23563
-283.28503
-259.19446
-259.19446
-255.33838
-245.34573
-245.34573
-246.12495
-252.92593
-250.70444
-250.70444
-252.726
-254.5224
-254.5224
-270.4855
-270.4855
-270.4855
-268.41547
-268.41547
-263.43802
-247.30211
-247.30211
-255.88571
-270.41223
-270.41223
-269.49628
-262.50888
-260.20047
-260.20047
-251.52846
-250.22917
-250.22917
-268.99777
-268.99777
-274.45148
-252.25366
-252.25366
-252.25366
-248.33975
-248.33975
-244.81293
-268.5585
-268.5585
-271.88184
-267.86823
-267.86823
-262.9326
-274.3439
-274.3439
-274.964
-256.7486
-250.26337
-250.26337
-250.54794
-250.54794
-250.54794
-275.7328
-275.7328
-275.7328
-274.58264
-274.58264
-268.508
-267.719
-267.719
-265.04016
-268.79877
-268.79877
-269.03735
-277.29276
-277.29276
-283.51172
-258.08633
-259.24768
-259.24768
-259.02893
-246.2878
-246.2878
-275.7599
-275.7599
-262.00635
-236.97475
-236.97475
-236.57565
-283.9599
-283.9599
-294.40256
-245.09183
-245.09183
-233.32024
-301.17496
-301.17496
-312.38187
